question,recall_at_k,mrr,faithfulness,relevance,reasoning,generated_answer,retrieved_ids,expected_ids
What accuracy improvement did transformer for language understanfing.pdf achieve over the prior state of the art on average?,0.0,0.0,5,5,"The answer directly cites the 4.5% and 7.0% average accuracy improvements mentioned in the context, fully addressing the question.",The paper reports that the Transformer‑based language‑understanding model achieves **average accuracy improvements of 4.5 % and 7.0 % over the prior state‑of‑the‑art** results【Source 1】.,"['tranformer for language understanfing__p6', 'NIPS-2017-attention-is-all-you-need-Paper__p8', 'NIPS-2017-attention-is-all-you-need-Paper__p8', 'tranformer for language understanfing__p8', 'tranformer for language understanfing__p9']",['transformer for language understanfing.pdf__p6']
"How many Cloud TPUs were used to pre-train transformer for language understanfing.pdf, and how long did it take?",0.0,0.0,5,5,The answer directly reports the TPU counts and 4‑day training time exactly as stated in the provided context.,"The pre‑training was run on Cloud TPUs in a pod configuration:

* **BERT‑BASE** – trained on **4 Cloud TPUs** (16 TPU chips total)  
* **BERT‑LARGE** – trained on **16 Cloud TPUs** (64 TPU chips total)  

For both model sizes, the entire pre‑training process took **about 4 days** to complete【Source 1】.","['tranformer for language understanfing__p13', 'tranformer for language understanfing__p5', 'tranformer for language understanfing__p8', 'tranformer for language understanfing__p1', 'tranformer for language understanfing__p2']",['transformer for language understanfing.pdf__p13']
What batch size and sequence length were used during transformer for language understanfing.pdf's pre-training?,0.0,0.0,5,5,The answer accurately reflects the batch size range and the two-stage sequence lengths described in the provided context and directly addresses the question.,"During pre‑training the model was trained with a short sequence length of **128 tokens for the first 90 % of the steps**, and then switched to a longer sequence length of **512 tokens for the final 10 % of the steps** to learn the positional embeddings【Source 1】.  

The batch size used in this work was in the range of **16 – 32 examples per batch** (the same values were found to work well across tasks)【Source 1】.","['tranformer for language understanfing__p13', 'tranformer for language understanfing__p5', 'tranformer for language understanfing__p1', 'NIPS-2017-attention-is-all-you-need-Paper__p8', 'tranformer for language understanfing__p8']",['transformer for language understanfing.pdf__p13']
What activation function does transformer for language understanfing.pdf use instead of ReLU?,0.0,0.0,1,1,"The answer claims no relevant answer was found, which contradicts the provided context that clearly states the activation function is ReLU, making the response ungrounded and off-topic.",I could not find a relevant answer in the provided papers.,"['NIPS-2017-attention-is-all-you-need-Paper__p5', 'tranformer for language understanfing__p1', 'NIPS-2017-attention-is-all-you-need-Paper__p2', 'NIPS-2017-attention-is-all-you-need-Paper__p2', 'tranformer for language understanfing__p1']",['transformer for language understanfing.pdf__p13']
What learning rates were tried during transformer for language understanfing.pdf's fine-tuning?,0.0,0.0,5,5,"The answer correctly lists the three Adam learning rates (5e-5, 3e-5, 2e-5) that are explicitly mentioned in the provided context, directly addressing the question.","The fine‑tuning experiments tried three Adam learning‑rate settings: **5 × 10⁻⁵, 3 × 10⁻⁵, and 2 × 10⁻⁵**【Source 2】.","['tranformer for language understanfing__p1', 'tranformer for language understanfing__p14', 'tranformer for language understanfing__p9', 'tranformer for language understanfing__p5', 'tranformer for language understanfing__p14']",['transformer for language understanfing.pdf__p14']
What is the masking strategy transformer for language understanfing.pdf uses during pre-training?,0.0,0.0,5,5,"The answer accurately reflects the mixed masking strategy (80% [MASK], 10% random, 10% unchanged) described in the provided context.","The transformer model described in *language understanfing.pdf* (i.e., BERT) is pre‑trained with a **mixed masking strategy** for the masked‑language‑model objective. For each token that is chosen to be masked, the following probabilities are used:

* **80 %** of the time the token is replaced with the special **[MASK]** symbol.  
* **10 %** of the time the token is replaced with a **random token** from the vocabulary.  
* **10 %** of the time the token is **left unchanged** (the original token is kept).

This mixed approach is intended to reduce the mismatch between pre‑training (where [MASK] appears) and fine‑tuning (where it does not) and to make the model robust to different masking patterns【Source 4】. The same mixed strategy is referenced as the masking procedure used by BERT in the ablation studies【Source 2】.","['tranformer for language understanfing__p2', 'tranformer for language understanfing__p16', 'tranformer for language understanfing__p1', 'tranformer for language understanfing__p16', 'tranformer for language understanfing__p9']","['transformer for language understanfing.pdf__p12', 'transformer for language understanfing.pdf__p16']"
How does removing Next Sentence Prediction (NSP) affect transformer for language understanfing.pdf's performance on the Dev set?,0.0,0.0,5,5,"The answer accurately reports the dev‑set scores and drops from the provided table, directly answering how removing NSP impacts performance.","Removing the next‑sentence prediction (NSP) pre‑training task hurts the model’s downstream results on the development sets.  When BERTBASE is trained **without** NSP (the “No NSP” condition) its scores drop relative to the full BERTBASE model on every evaluated task:

| Dev set task | BERTBASE (with NSP) | No NSP | Δ (drop) |
|--------------|--------------------|--------|----------|
| MNLI‑m       | 84.4 % | 83.9 % | –0.5 pts |
| QNLI         | 88.4 % | 84.9 % | –3.5 pts |
| MRPC         | 86.7 % | 86.5 % | –0.2 pts |
| SST‑2        | 92.7 % | 92.6 % | –0.1 pts |
| SQuAD 1.1 (F1) | 88.5 % | 87.9 % | –0.6 pts |

Thus, eliminating NSP leads to a modest decline on most tasks and a more pronounced degradation on QNLI (≈ 3–4 percentage points) and noticeable drops on MNLI and SQuAD as well【Source 3】. The authors also note that “removing NSP hurts performance significantly on QNLI, MNLI, and SQuAD 1.1”【Source 2】.","['tranformer for language understanfing__p8', 'tranformer for language understanfing__p8', 'tranformer for language understanfing__p8', 'tranformer for language understanfing__p4', 'tranformer for language understanfing__p4']","['transformer for language understanfing.pdf__p8', 'transformer for language understanfing.pdf__p8']"
What is the CoLA task evaluating?,0.0,0.0,5,5,"The answer accurately restates the context description of CoLA as a binary single‑sentence classification task that predicts linguistic acceptability, directly addressing the question.","The CoLA (Corpus of Linguistic Acceptability) task is a binary single‑sentence classification benchmark that evaluates whether an English sentence is linguistically “acceptable” (i.e., grammatical or well‑formed) or not【Source 1】.","['tranformer for language understanfing__p15', 'tranformer for language understanfing__p6', 'tranformer for language understanfing__p6', 'tranformer for language understanfing__p1', 'tranformer for language understanfing__p5']",['transformer for language understanfing.pdf__p15']
What is MRPC and what does it consist of?,0.0,0.0,5,5,"The answer accurately restates the context description of MRPC as the Microsoft Research Paraphrase Corpus consisting of automatically extracted news sentence pairs with human semantic equivalence labels, directly addressing the question.","MRPC is the **Microsoft Research Paraphrase Corpus**. It is a collection of sentence pairs that were automatically extracted from online news sources, and each pair has been manually labeled to indicate whether the two sentences are semantically equivalent (i.e., paraphrases of each other) [Source 1].","['tranformer for language understanfing__p15', 'tranformer for language understanfing__p8', 'tranformer for language understanfing__p6', 'tranformer for language understanfing__p8', 'tranformer for language understanfing__p8']",['transformer for language understanfing.pdf__p15']
Does increasing model size continue to improve performance on large-scale tasks?,0.0,0.0,5,5,The answer accurately reflects the cited passage that increasing model size yields continual improvements on large-scale tasks.,"Yes. The literature notes that making a model larger keeps yielding better results on large‑scale tasks such as machine translation and language modeling. In particular, the authors observe that “increasing the model size will lead to continual improvements on large‑scale tasks … which is demonstrated by the LM perplexity of held‑out training data”【Source 1】.","['tranformer for language understanfing__p8', 'tranformer for language understanfing__p9', 'tranformer for language understanfing__p8', 'tranformer for language understanfing__p8', 'tranformer for language understanfing__p6']","['transformer for language understanfing.pdf__p8', 'transformer for language understanfing.pdf__p8']"
How many WordPiece tokens are masked in each sequence during transformer for language understanfing.pdf's pre-training?,0.0,0.0,5,5,"The answer correctly states the 15% masking rate, which is directly supported by the provided context and addresses the question.","During pre‑training, BERT masks 15 % of the WordPiece tokens in each input sequence — the tokens are chosen at random and then predicted by the masked‑language‑model objective【Source 1】.","['tranformer for language understanfing__p4', 'tranformer for language understanfing__p1', 'tranformer for language understanfing__p13', 'tranformer for language understanfing__p16', 'tranformer for language understanfing__p4']",['transformer for language understanfing.pdf__p4']
What two unsupervised tasks does transformer for language understanfing.pdf use for pre-training?,0.0,0.0,5,5,The answer correctly lists the two unsupervised pre‑training tasks (Masked Language Modeling and Next Sentence Prediction) that are explicitly mentioned in the provided context.,"The paper pre‑trains the Transformer with two unsupervised objectives:  

1. **Masked Language Modeling (MLM)** – randomly masking a portion of the input tokens and training the model to predict the masked tokens.  
2. **Next Sentence Prediction (NSP)** – training the model to predict whether one sentence follows another, thereby learning text‑pair representations.  

These two tasks are described in the paper’s pre‑training section【Source 2】 and reiterated in the discussion of contributions【Source 4】.","['tranformer for language understanfing__p1', 'tranformer for language understanfing__p4', 'tranformer for language understanfing__p9', 'tranformer for language understanfing__p2', 'tranformer for language understanfing__p2']","['transformer for language understanfing.pdf__p4', 'transformer for language understanfing.pdf__p4']"
"What BLEU score did the Transformer achieve on English-to-German translation, and how long did training take?",1.0,0.5,5,5,The answer directly cites the BLEU score (28.4) and training time (3.5 days on eight P100 GPUs) exactly as stated in the provided context.,"The Transformer (big) model achieved a **BLEU score of 28.4** on the WMT 2014 English‑to‑German translation task, and its training required **3.5 days on eight P100 GPUs**【Source 4】.","['NIPS-2017-attention-is-all-you-need-Paper__p8', 'NIPS-2017-attention-is-all-you-need-Paper__p1', 'NIPS-2017-attention-is-all-you-need-Paper__p8', 'NIPS-2017-attention-is-all-you-need-Paper__p8', 'NIPS-2017-attention-is-all-you-need-Paper__p8']",['NIPS-2017-attention-is-all-you-need-Paper__p1']
How many identical layers make up the Transformer's encoder stack?,1.0,1.0,5,5,"The answer correctly states that the encoder stack consists of six identical layers, which is directly supported by the provided context.",The Transformer's encoder is built from a stack of **six (6) identical layers**【Source 1】.,"['NIPS-2017-attention-is-all-you-need-Paper__p2', 'NIPS-2017-attention-is-all-you-need-Paper__p3', 'NIPS-2017-attention-is-all-you-need-Paper__p5', 'NIPS-2017-attention-is-all-you-need-Paper__p9', 'NIPS-2017-attention-is-all-you-need-Paper__p5']",['NIPS-2017-attention-is-all-you-need-Paper__p2']
What is the embedding/model dimension used in the base Transformer?,1.0,1.0,5,5,"The answer correctly states the embedding/model dimension as 512, which is directly supported by the context and directly answers the question.","The base Transformer uses an embedding (and model) dimension of **512** [dmodel = 512]【Source 1】. This is also confirmed by the description of the feed‑forward network, which states that the input and output dimensionality is dmodel = 512【Source 3】.","['NIPS-2017-attention-is-all-you-need-Paper__p3', 'NIPS-2017-attention-is-all-you-need-Paper__p9', 'NIPS-2017-attention-is-all-you-need-Paper__p5', 'NIPS-2017-attention-is-all-you-need-Paper__p8', 'NIPS-2017-attention-is-all-you-need-Paper__p8']",['NIPS-2017-attention-is-all-you-need-Paper__p3']
What optimizer and hyperparameters did the Transformer use for training?,1.0,1.0,5,5,"All statements about the optimizer and its hyperparameters are directly supported by the provided context, and the answer directly addresses the asked question.","The Transformer was trained with the **Adam optimizer** [17] using the following settings:

* **β₁ = 0.9**, **β₂ = 0.98**, **ε = 10⁻⁹**【Source 1】.  
* The learning‑rate was varied according to  

\[
\text{lrate}=d^{-0.5}\,\text{model}\;\times\;\min(\text{step\_num}^{-0.5},\;\text{step\_num}\times\text{warmup\_steps}^{-1.5})
\]

  which linearly increases the rate for the first **warmup_steps = 4000** steps and then decays proportionally to the inverse square‑root of the step number【Source 1】.

Additional training‑time hyperparameters reported for the models include:

* **Dropout**: 0.1 for the “big” model (the base model used 0.3)【Source 3】.  
* **Beam search** during inference with **beam size = 4** and **length‑penalty α = 0.6**【Source 2】【Source 3】.  

These constitute the optimizer and key hyperparameters used to train the Transformer.","['NIPS-2017-attention-is-all-you-need-Paper__p7', 'NIPS-2017-attention-is-all-you-need-Paper__p8', 'NIPS-2017-attention-is-all-you-need-Paper__p8', 'tranformer for language understanfing__p1', 'tranformer for language understanfing__p13']","['NIPS-2017-attention-is-all-you-need-Paper__p7', 'NIPS-2017-attention-is-all-you-need-Paper__p7']"
What dropout rate did the Transformer use for regularization?,1.0,1.0,5,5,"The answer correctly states the dropout rate of 0.1, which is directly supported by the provided context and directly answers the question.",The Transformer applied dropout with a probability of 0.1 (denoted P₍drop₎ = 0.1) as its regularization rate【Source 1】. This same 0.1 dropout rate was also used for the larger “big” model (instead of 0.3)【Source 2】.,"['NIPS-2017-attention-is-all-you-need-Paper__p7', 'NIPS-2017-attention-is-all-you-need-Paper__p8', 'NIPS-2017-attention-is-all-you-need-Paper__p9', 'NIPS-2017-attention-is-all-you-need-Paper__p8', 'tranformer for language understanfing__p13']",['NIPS-2017-attention-is-all-you-need-Paper__p7']
What formula does the Transformer use for positional encoding?,1.0,1.0,5,5,The answer accurately reproduces the sinusoidal positional encoding formulas from the context and directly addresses the question.,"The Transformer encodes each token’s position with sinusoidal functions. For a token at position `pos` and model dimension index `i`:

- **Even dimensions:** `PE(pos, 2i) = sin( pos / 10000^{2i / d_model} )`  
- **Odd dimensions:** `PE(pos, 2i+1) = cos( pos / 10000^{2i / d_model} )`

Thus each dimension of the positional encoding is a sinusoid whose wavelength forms a geometric progression from `2π` to `10000·2π`【Source 1】.","['NIPS-2017-attention-is-all-you-need-Paper__p6', 'NIPS-2017-attention-is-all-you-need-Paper__p5', 'NIPS-2017-attention-is-all-you-need-Paper__p9', 'NIPS-2017-attention-is-all-you-need-Paper__p2', 'NIPS-2017-attention-is-all-you-need-Paper__p7']",['NIPS-2017-attention-is-all-you-need-Paper__p6']
What dataset size was used for the English-French translation task?,1.0,1.0,5,5,The answer correctly states the dataset size (≈36 million sentences) as given in the context and directly answers the question.,"The English‑French translation experiments used the WMT 2014 English‑French dataset, which contains **approximately 36 million sentence pairs**【Source 1】.","['NIPS-2017-attention-is-all-you-need-Paper__p7', 'NIPS-2017-attention-is-all-you-need-Paper__p8', 'NIPS-2017-attention-is-all-you-need-Paper__p1', 'NIPS-2017-attention-is-all-you-need-Paper__p9', 'tranformer for language understanfing__p8']",['NIPS-2017-attention-is-all-you-need-Paper__p7']
What GPU hardware was used to train the Transformer models?,0.0,0.0,4,5,"The answer correctly states the GPUs used (8 P100 GPUs) which is in the context, but adds the unsourced claim of ""several days"" which is not explicitly mentioned.",The Transformer models were trained on eight NVIDIA Tesla P100 GPUs – the experiments report training the models for several days on a cluster of 8 P100 GPUs【Source 1】.,"['NIPS-2017-attention-is-all-you-need-Paper__p8', 'NIPS-2017-attention-is-all-you-need-Paper__p8', 'NIPS-2017-attention-is-all-you-need-Paper__p8', 'tranformer for language understanfing__p14', 'tranformer for language understanfing__p1']",['NIPS-2017-attention-is-all-you-need-Paper__p7']
"What mechanism does the Transformer rely on entirely, instead of recurrence or convolution?",1.0,1.0,5,5,"The answer correctly states that the Transformer relies entirely on an attention mechanism (multi‑headed self‑attention) instead of recurrence or convolution, matching the provided context.","The Transformer replaces both recurrent and convolutional layers with a **pure attention mechanism**—specifically, multi‑headed self‑attention that draws global dependencies across the entire input and output sequences【Source 1】, 【Source 2】, 【Source 5】.","['NIPS-2017-attention-is-all-you-need-Paper__p2', 'NIPS-2017-attention-is-all-you-need-Paper__p2', 'NIPS-2017-attention-is-all-you-need-Paper__p2', 'NIPS-2017-attention-is-all-you-need-Paper__p1', 'NIPS-2017-attention-is-all-you-need-Paper__p9']",['NIPS-2017-attention-is-all-you-need-Paper__p2']
How does transformer for language understanfing.pdf's use of the Transformer architecture differ from the original Transformer described in Attention Is All You Need?,0.5,0.5,2,4,"The answer includes several claims (e.g., pre‑training tasks, encoder‑only design) not present in the provided context, reducing faithfulness, though it does address the asked difference.","The “Transformer for language‑understanding” paper repurposes the original Vaswani et al. Transformer in two main ways:

* **Encoder‑only, bidirectional self‑attention** – Instead of the full encoder‑decoder stack used for translation, the language‑understanding model keeps only the encoder blocks and lets every token attend to both left‑ and right‑hand context.  This bidirectional self‑attention is explicitly called out as a key difference from the original Transformer, which uses a left‑to‑right (causal) decoder for generation [Source 3].  In the language‑understanding setting the model is described as “BERTBASE … uses bidirectional self‑attention, while the GPT Transformer uses constrained self‑attention where every token can only attend to context to its left” [Source 4].

* **Pre‑training objectives rather than direct translation** – The original Transformer was introduced as a sequence‑to‑sequence transduction model trained on parallel translation data [Source 1][Source 2][Source 3].  The language‑understanding version is trained on large monolingual corpora with tasks such as masked‑language modeling and next‑sentence prediction (the typical BERT pre‑training setup), and then fine‑tuned on downstream understanding tasks.  Although the exact pre‑training tasks are not listed in the supplied excerpts, the shift from a translation‑oriented encoder‑decoder to an encoder‑only model for representation learning is the central architectural change.

* **Model scale and configuration** – The language‑understanding work reports two model sizes (BERTBASE with 12 layers, 768 hidden units, 12 heads, 110 M parameters, and BERTLARGE with 24 layers, 1024 hidden units, 16 heads, 340 M parameters) that are chosen to match other large language models, whereas the original Transformer experiments used smaller “base” and “big” configurations optimized for translation speed [Source 4].

In summary, the language‑understanding paper adopts the Transformer’s self‑attention mechanism but discards the decoder, makes attention fully bidirectional, trains with unsupervised language‑modeling objectives, and scales the encoder stack to the sizes typical of BERT‑style models—departing from the original encoder‑decoder, translation‑focused design of “Attention Is All You Need.” [Source 3][Source 4]","['NIPS-2017-attention-is-all-you-need-Paper__p9', 'NIPS-2017-attention-is-all-you-need-Paper__p2', 'NIPS-2017-attention-is-all-you-need-Paper__p2', 'tranformer for language understanfing__p3', 'NIPS-2017-attention-is-all-you-need-Paper__p2']","['transformer for language understanfing.pdf__p3', 'transformer for language understanfing.pdf__p3', 'NIPS-2017-attention-is-all-you-need-Paper__p2']"
